1
720 55 
0
45
70 30 685 10
755 30 10 420
70 30 10 590
275 450 490 10
255 450 10 95
265 450 10 10
80 620 525 10
595 550 10 70
410 550 185 10
680 85 10 160
255 85 425 10
235 85 10 220
245 85 10 10
650 40 10 20
565 70 10 15
160 110 75 10
145 40 10 35
160 150 75 10
80 245 155 10
600 135 10 135
500 155 100 10
650 245 10 80
660 245 20 10
680 245 5 5
160 190 75 10
705 285 50 10
660 325 50 10
655 325 5 5
710 365 45 10
660 335 10 65
660 400 55 10
600 270 20 10
655 325 5 10
650 325 5 10
600 385 10 65
600 280 10 105
640 365 20 10
605 620 160 10
755 465 10 155
755 460 10 5
440 560 10 25
410 490 10 60
440 95 10 70
440 165 10 55
450 210 95 10
0
0
